{
 "cells": [
  {
   "cell_type": "code",
   "execution_count": 1,
   "metadata": {},
   "outputs": [],
   "source": [
    "# import libraries\n",
    "import numpy as np, pandas as pd\n",
    "from scipy.optimize import minimize\n",
    "import mpmath\n",
    "from ortools.linear_solver import pywraplp"
   ]
  },
  {
   "cell_type": "code",
   "execution_count": 2,
   "metadata": {
    "scrolled": true
   },
   "outputs": [],
   "source": [
    "df = pd.read_csv('data.csv')"
   ]
  },
  {
   "cell_type": "code",
   "execution_count": 3,
   "metadata": {
    "scrolled": true
   },
   "outputs": [
    {
     "data": {
      "text/html": [
       "<div>\n",
       "<style scoped>\n",
       "    .dataframe tbody tr th:only-of-type {\n",
       "        vertical-align: middle;\n",
       "    }\n",
       "\n",
       "    .dataframe tbody tr th {\n",
       "        vertical-align: top;\n",
       "    }\n",
       "\n",
       "    .dataframe thead th {\n",
       "        text-align: right;\n",
       "    }\n",
       "</style>\n",
       "<table border=\"1\" class=\"dataframe\">\n",
       "  <thead>\n",
       "    <tr style=\"text-align: right;\">\n",
       "      <th></th>\n",
       "      <th>srch_id</th>\n",
       "      <th>prop_starrating</th>\n",
       "      <th>prop_review_score</th>\n",
       "      <th>prop_brand_bool</th>\n",
       "      <th>prop_location_score</th>\n",
       "      <th>prop_accesibility_score</th>\n",
       "      <th>prop_log_historical_price</th>\n",
       "      <th>price_usd</th>\n",
       "      <th>promotion_flag</th>\n",
       "      <th>srch_booking_window</th>\n",
       "      <th>srch_adults_count</th>\n",
       "      <th>srch_children_count</th>\n",
       "      <th>srch_room_count</th>\n",
       "      <th>srch_saturday_night_bool</th>\n",
       "      <th>booking_bool</th>\n",
       "    </tr>\n",
       "  </thead>\n",
       "  <tbody>\n",
       "    <tr>\n",
       "      <th>0</th>\n",
       "      <td>1</td>\n",
       "      <td>4</td>\n",
       "      <td>3</td>\n",
       "      <td>1</td>\n",
       "      <td>2</td>\n",
       "      <td>0</td>\n",
       "      <td>5</td>\n",
       "      <td>140</td>\n",
       "      <td>0</td>\n",
       "      <td>0</td>\n",
       "      <td>4</td>\n",
       "      <td>0</td>\n",
       "      <td>1</td>\n",
       "      <td>1</td>\n",
       "      <td>0</td>\n",
       "    </tr>\n",
       "    <tr>\n",
       "      <th>1</th>\n",
       "      <td>1</td>\n",
       "      <td>3</td>\n",
       "      <td>5</td>\n",
       "      <td>1</td>\n",
       "      <td>2</td>\n",
       "      <td>0</td>\n",
       "      <td>5</td>\n",
       "      <td>211</td>\n",
       "      <td>0</td>\n",
       "      <td>0</td>\n",
       "      <td>4</td>\n",
       "      <td>0</td>\n",
       "      <td>1</td>\n",
       "      <td>1</td>\n",
       "      <td>0</td>\n",
       "    </tr>\n",
       "    <tr>\n",
       "      <th>2</th>\n",
       "      <td>1</td>\n",
       "      <td>4</td>\n",
       "      <td>4</td>\n",
       "      <td>1</td>\n",
       "      <td>3</td>\n",
       "      <td>0</td>\n",
       "      <td>5</td>\n",
       "      <td>150</td>\n",
       "      <td>0</td>\n",
       "      <td>0</td>\n",
       "      <td>4</td>\n",
       "      <td>0</td>\n",
       "      <td>1</td>\n",
       "      <td>1</td>\n",
       "      <td>0</td>\n",
       "    </tr>\n",
       "    <tr>\n",
       "      <th>3</th>\n",
       "      <td>1</td>\n",
       "      <td>4</td>\n",
       "      <td>3</td>\n",
       "      <td>1</td>\n",
       "      <td>3</td>\n",
       "      <td>0</td>\n",
       "      <td>5</td>\n",
       "      <td>144</td>\n",
       "      <td>0</td>\n",
       "      <td>0</td>\n",
       "      <td>4</td>\n",
       "      <td>0</td>\n",
       "      <td>1</td>\n",
       "      <td>1</td>\n",
       "      <td>0</td>\n",
       "    </tr>\n",
       "    <tr>\n",
       "      <th>4</th>\n",
       "      <td>1</td>\n",
       "      <td>4</td>\n",
       "      <td>4</td>\n",
       "      <td>1</td>\n",
       "      <td>2</td>\n",
       "      <td>0</td>\n",
       "      <td>5</td>\n",
       "      <td>191</td>\n",
       "      <td>0</td>\n",
       "      <td>0</td>\n",
       "      <td>4</td>\n",
       "      <td>0</td>\n",
       "      <td>1</td>\n",
       "      <td>1</td>\n",
       "      <td>0</td>\n",
       "    </tr>\n",
       "  </tbody>\n",
       "</table>\n",
       "</div>"
      ],
      "text/plain": [
       "   srch_id  prop_starrating  prop_review_score  prop_brand_bool  \\\n",
       "0        1                4                  3                1   \n",
       "1        1                3                  5                1   \n",
       "2        1                4                  4                1   \n",
       "3        1                4                  3                1   \n",
       "4        1                4                  4                1   \n",
       "\n",
       "   prop_location_score  prop_accesibility_score  prop_log_historical_price  \\\n",
       "0                    2                        0                          5   \n",
       "1                    2                        0                          5   \n",
       "2                    3                        0                          5   \n",
       "3                    3                        0                          5   \n",
       "4                    2                        0                          5   \n",
       "\n",
       "   price_usd  promotion_flag  srch_booking_window  srch_adults_count  \\\n",
       "0        140               0                    0                  4   \n",
       "1        211               0                    0                  4   \n",
       "2        150               0                    0                  4   \n",
       "3        144               0                    0                  4   \n",
       "4        191               0                    0                  4   \n",
       "\n",
       "   srch_children_count  srch_room_count  srch_saturday_night_bool  \\\n",
       "0                    0                1                         1   \n",
       "1                    0                1                         1   \n",
       "2                    0                1                         1   \n",
       "3                    0                1                         1   \n",
       "4                    0                1                         1   \n",
       "\n",
       "   booking_bool  \n",
       "0             0  \n",
       "1             0  \n",
       "2             0  \n",
       "3             0  \n",
       "4             0  "
      ]
     },
     "execution_count": 3,
     "metadata": {},
     "output_type": "execute_result"
    }
   ],
   "source": [
    "df.head()"
   ]
  },
  {
   "cell_type": "code",
   "execution_count": 4,
   "metadata": {},
   "outputs": [],
   "source": [
    "mean_original = []\n",
    "std_original = []\n",
    "for i in range(1,9):\n",
    "    mean = np.mean(df.iloc[:,i])\n",
    "    mean_original.append(mean)\n",
    "    std = np.std(df.iloc[:,i])\n",
    "    std_original.append(std)"
   ]
  },
  {
   "cell_type": "code",
   "execution_count": 5,
   "metadata": {},
   "outputs": [],
   "source": [
    "def get_Beta(df, mean, std):\n",
    "    for i in range(1,9):\n",
    "        df.iloc[:,i] = (df.iloc[:,i] - mean[i-1]) / std[i-1]\n",
    "    search_id = df['srch_id'].unique().tolist()\n",
    "    new_df = []\n",
    "    for i in search_id:\n",
    "        new_df.append(pd.DataFrame(df.loc[df['srch_id'] == i]).to_numpy(dtype=np.float32))\n",
    "    def MLE(beta):\n",
    "        log = 0\n",
    "        for i in range(len(search_id)):\n",
    "            linear_term = 0\n",
    "            if 1 in new_df[i][:,14]:\n",
    "                linear_term = new_df[i][:,1:9].dot(beta[1:]).dot(new_df[i][:,14]) + beta[0]\n",
    "            log += linear_term\n",
    "            total = 0\n",
    "            for k in range(new_df[i].shape[0]):\n",
    "                total +=  mpmath.exp(new_df[i][k][1:9].dot(beta[1:]) + beta[0])\n",
    "            log -= float(mpmath.log(1 + total))\n",
    "        return -log\n",
    "    res = minimize(MLE, np.ones((9,)),  method='BFGS')\n",
    "    return res"
   ]
  },
  {
   "cell_type": "code",
   "execution_count": 133,
   "metadata": {
    "scrolled": true
   },
   "outputs": [],
   "source": [
    "res_original = get_Beta(df,mean_original,std_original)"
   ]
  },
  {
   "cell_type": "code",
   "execution_count": 135,
   "metadata": {},
   "outputs": [
    {
     "data": {
      "text/plain": [
       "      fun: 20611.32596621373\n",
       " hess_inv: array([[ 2.50921995e-03, -1.99446847e-03, -2.76420143e-04,\n",
       "        -2.13896877e-04, -1.58119281e-03,  4.40247951e-04,\n",
       "        -2.99601098e-05,  6.09981189e-04,  1.93814867e-04],\n",
       "       [-1.99446847e-03,  1.59105873e-03,  2.20026156e-04,\n",
       "         1.64882623e-04,  1.25187108e-03, -3.53126349e-04,\n",
       "         2.52519988e-05, -4.86355819e-04, -1.56296073e-04],\n",
       "       [-2.76420143e-04,  2.20026156e-04,  3.13752311e-05,\n",
       "         2.32078973e-05,  1.73196241e-04, -4.84238979e-05,\n",
       "         3.39143093e-06, -6.57255868e-05, -2.27577366e-05],\n",
       "       [-2.13896877e-04,  1.64882623e-04,  2.32078973e-05,\n",
       "         2.33306138e-05,  1.39633428e-04, -3.47108048e-05,\n",
       "         1.13316361e-06, -5.03066426e-05, -1.49335213e-05],\n",
       "       [-1.58119281e-03,  1.25187108e-03,  1.73196241e-04,\n",
       "         1.39633428e-04,  1.00458613e-03, -2.76952043e-04,\n",
       "         1.67531261e-05, -3.85871110e-04, -1.16032865e-04],\n",
       "       [ 4.40247951e-04, -3.53126349e-04, -4.84238979e-05,\n",
       "        -3.47108048e-05, -2.76952043e-04,  8.10614792e-05,\n",
       "        -5.94899373e-06,  1.09943752e-04,  3.21474078e-05],\n",
       "       [-2.99601098e-05,  2.52519988e-05,  3.39143093e-06,\n",
       "         1.13316361e-06,  1.67531261e-05, -5.94899373e-06,\n",
       "         1.27209132e-06, -7.65890041e-06, -3.35405033e-06],\n",
       "       [ 6.09981189e-04, -4.86355819e-04, -6.57255868e-05,\n",
       "        -5.03066426e-05, -3.85871110e-04,  1.09943752e-04,\n",
       "        -7.65890041e-06,  1.54459930e-04,  4.22540033e-05],\n",
       "       [ 1.93814867e-04, -1.56296073e-04, -2.27577366e-05,\n",
       "        -1.49335213e-05, -1.16032865e-04,  3.21474078e-05,\n",
       "        -3.35405033e-06,  4.22540033e-05,  2.26510254e-05]])\n",
       "      jac: array([-0.01538086, -0.00854492, -0.00463867, -0.00878906, -0.00878906,\n",
       "       -0.00366211, -0.00048828,  0.00048828, -0.00244141])\n",
       "  message: 'Desired error not necessarily achieved due to precision loss.'\n",
       "     nfev: 1021\n",
       "      nit: 30\n",
       "     njev: 92\n",
       "   status: 2\n",
       "  success: False\n",
       "        x: array([-1.74662743,  0.40812391,  0.10876074,  0.10138235,  0.02202491,\n",
       "        0.04344406, -0.06686938, -1.33110656,  0.15977641])"
      ]
     },
     "execution_count": 135,
     "metadata": {},
     "output_type": "execute_result"
    }
   ],
   "source": [
    "res_original"
   ]
  },
  {
   "cell_type": "code",
   "execution_count": 6,
   "metadata": {},
   "outputs": [],
   "source": [
    "beta_original = [-1.74662743,  0.40812391,  0.10876074,  0.10138235,  0.02202491,\n",
    "        0.04344406, -0.06686938, -1.33110656,  0.15977641]"
   ]
  },
  {
   "cell_type": "code",
   "execution_count": 104,
   "metadata": {},
   "outputs": [],
   "source": [
    "def get_Assortment(df, mean, std, beta, theta):\n",
    "    # df is data1,2,3,4\n",
    "    def calculate_V():\n",
    "        V = np.zeros((df.shape[0],len(theta)))\n",
    "        \n",
    "        for k in range(len(theta)):\n",
    "            new_df = pd.DataFrame.copy(df)\n",
    "            for i in range(8):\n",
    "                new_df.iloc[:,i] = (new_df.iloc[:,i] - mean[k][i]) / std[k][i]\n",
    "            V[:,k] = new_df.dot(beta[k][1:]) + beta[k][0]\n",
    "        return np.exp(V)\n",
    "    n = df.shape[0]\n",
    "    p = df.iloc[:,6].to_numpy(dtype=np.float32)\n",
    "    V = calculate_V()\n",
    "    solver = pywraplp.Solver('final project',\n",
    "                             pywraplp.Solver.CBC_MIXED_INTEGER_PROGRAMMING)\n",
    "    z = [0 for k in range(len(theta))]\n",
    "    for k in range(len(theta)):\n",
    "        z[k] = solver.NumVar(0, solver.infinity(), 'z' + str(k))\n",
    "    x = [0 for i in range(n)]\n",
    "    for j in range(n):\n",
    "        x[j] = solver.IntVar(0, 1, 'x' + str(j))\n",
    "\n",
    "    y = [[0 for k in range(len(theta))] for j in range(n)]\n",
    "    for k in range(len(theta)):\n",
    "        for j in range(n):\n",
    "            y[j][k] = solver.NumVar(0, solver.infinity(), 'y' + str(j) + str(k))\n",
    "\n",
    "    for k in range(len(theta)):\n",
    "        sum_y = 0\n",
    "        sum_x = 0\n",
    "        for j in range(n):\n",
    "            sum_y += V[j][k] * y[j][k]\n",
    "            sum_x += V[j][k] * x[j] * p[j]\n",
    "        solver.Add(z[k] + sum_y >= sum_x)\n",
    "        solver.Add(z[k] + sum_y <= sum_x)\n",
    "\n",
    "    M = 10000\n",
    "    for j in range(n):\n",
    "        for k in range(len(theta)):\n",
    "            solver.Add(y[j][k] >= 0)\n",
    "            solver.Add(y[j][k] <= M * x[j])\n",
    "\n",
    "    for j in range(n):\n",
    "        for k in range(len(theta)):\n",
    "            solver.Add(- M * (1 - x[j]) + z[k] <= y[j][k])\n",
    "            solver.Add(y[j][k] <= z[k])\n",
    "\n",
    "    objective = solver.Objective()\n",
    "    for i in range(2):\n",
    "        objective.SetCoefficient(z[i], theta[i])\n",
    "    objective.SetMaximization()\n",
    "    status = solver.Solve()\n",
    "    if status == solver.OPTIMAL:\n",
    "        print('Problem solved in %f milliseconds' %solver.wall_time())\n",
    "    elif status == solver.FEASIBLE:\n",
    "        print('Solver claims feasibility but not optimality')\n",
    "    else:\n",
    "        print('Solver ran to completion but did not find an optimal solution')\n",
    "\n",
    "    print('The objective value is ', objective.Value())\n",
    "    assortment = []\n",
    "    for i in range(n):\n",
    "        assortment.append(x[i].solution_value())\n",
    "    return assortment"
   ]
  },
  {
   "cell_type": "code",
   "execution_count": 11,
   "metadata": {},
   "outputs": [
    {
     "name": "stderr",
     "output_type": "stream",
     "text": [
      "/Users/aaronyan/anaconda3/lib/python3.7/site-packages/ipykernel_launcher.py:4: SettingWithCopyWarning: \n",
      "A value is trying to be set on a copy of a slice from a DataFrame\n",
      "\n",
      "See the caveats in the documentation: http://pandas.pydata.org/pandas-docs/stable/indexing.html#indexing-view-versus-copy\n",
      "  after removing the cwd from sys.path.\n"
     ]
    }
   ],
   "source": [
    "data = pd.read_csv('data.csv')\n",
    "df = data[['srch_id', 'srch_booking_window', 'srch_adults_count', 'srch_children_count',\n",
    "       'srch_room_count', 'srch_saturday_night_bool', 'booking_bool']]\n",
    "df.drop_duplicates(keep=False,inplace=True)\n",
    "features = ['srch_booking_window', 'srch_adults_count',\n",
    "       'srch_children_count', 'srch_room_count', 'srch_saturday_night_bool',\n",
    "       'booking_bool']\n",
    "\n",
    "X = df[features].values\n",
    "import sklearn.cluster\n",
    "import sklearn.metrics\n",
    "model_1 = sklearn.cluster.KMeans(n_clusters=3)\n",
    "model_1.fit_predict(X)\n",
    "results = model_1.labels_.tolist()\n",
    "df1 = pd.DataFrame.copy(df)\n",
    "df1['label'] = results"
   ]
  },
  {
   "cell_type": "code",
   "execution_count": 12,
   "metadata": {},
   "outputs": [],
   "source": [
    "model_2 = sklearn.cluster.KMeans(n_clusters=4)\n",
    "model_2.fit_predict(X)\n",
    "results_2 = model_2.labels_.tolist()\n",
    "df2 = pd.DataFrame.copy(df)\n",
    "df2['labels'] = results_2"
   ]
  },
  {
   "cell_type": "code",
   "execution_count": 18,
   "metadata": {},
   "outputs": [
    {
     "data": {
      "text/html": [
       "<div>\n",
       "<style scoped>\n",
       "    .dataframe tbody tr th:only-of-type {\n",
       "        vertical-align: middle;\n",
       "    }\n",
       "\n",
       "    .dataframe tbody tr th {\n",
       "        vertical-align: top;\n",
       "    }\n",
       "\n",
       "    .dataframe thead th {\n",
       "        text-align: right;\n",
       "    }\n",
       "</style>\n",
       "<table border=\"1\" class=\"dataframe\">\n",
       "  <thead>\n",
       "    <tr style=\"text-align: right;\">\n",
       "      <th></th>\n",
       "      <th>srch_id</th>\n",
       "      <th>srch_booking_window</th>\n",
       "      <th>srch_adults_count</th>\n",
       "      <th>srch_children_count</th>\n",
       "      <th>srch_room_count</th>\n",
       "      <th>srch_saturday_night_bool</th>\n",
       "      <th>booking_bool</th>\n",
       "      <th>label</th>\n",
       "    </tr>\n",
       "  </thead>\n",
       "  <tbody>\n",
       "    <tr>\n",
       "      <th>9</th>\n",
       "      <td>1</td>\n",
       "      <td>0</td>\n",
       "      <td>4</td>\n",
       "      <td>0</td>\n",
       "      <td>1</td>\n",
       "      <td>1</td>\n",
       "      <td>1</td>\n",
       "      <td>0</td>\n",
       "    </tr>\n",
       "    <tr>\n",
       "      <th>43</th>\n",
       "      <td>75</td>\n",
       "      <td>30</td>\n",
       "      <td>3</td>\n",
       "      <td>1</td>\n",
       "      <td>1</td>\n",
       "      <td>0</td>\n",
       "      <td>1</td>\n",
       "      <td>1</td>\n",
       "    </tr>\n",
       "    <tr>\n",
       "      <th>77</th>\n",
       "      <td>101</td>\n",
       "      <td>74</td>\n",
       "      <td>4</td>\n",
       "      <td>1</td>\n",
       "      <td>2</td>\n",
       "      <td>1</td>\n",
       "      <td>1</td>\n",
       "      <td>1</td>\n",
       "    </tr>\n",
       "    <tr>\n",
       "      <th>91</th>\n",
       "      <td>218</td>\n",
       "      <td>0</td>\n",
       "      <td>1</td>\n",
       "      <td>1</td>\n",
       "      <td>2</td>\n",
       "      <td>0</td>\n",
       "      <td>1</td>\n",
       "      <td>0</td>\n",
       "    </tr>\n",
       "    <tr>\n",
       "      <th>100</th>\n",
       "      <td>236</td>\n",
       "      <td>15</td>\n",
       "      <td>3</td>\n",
       "      <td>0</td>\n",
       "      <td>1</td>\n",
       "      <td>0</td>\n",
       "      <td>1</td>\n",
       "      <td>0</td>\n",
       "    </tr>\n",
       "  </tbody>\n",
       "</table>\n",
       "</div>"
      ],
      "text/plain": [
       "     srch_id  srch_booking_window  srch_adults_count  srch_children_count  \\\n",
       "9          1                    0                  4                    0   \n",
       "43        75                   30                  3                    1   \n",
       "77       101                   74                  4                    1   \n",
       "91       218                    0                  1                    1   \n",
       "100      236                   15                  3                    0   \n",
       "\n",
       "     srch_room_count  srch_saturday_night_bool  booking_bool  label  \n",
       "9                  1                         1             1      0  \n",
       "43                 1                         0             1      1  \n",
       "77                 2                         1             1      1  \n",
       "91                 2                         0             1      0  \n",
       "100                1                         0             1      0  "
      ]
     },
     "execution_count": 18,
     "metadata": {},
     "output_type": "execute_result"
    }
   ],
   "source": [
    "df1.head()"
   ]
  },
  {
   "cell_type": "code",
   "execution_count": 19,
   "metadata": {},
   "outputs": [
    {
     "data": {
      "text/html": [
       "<div>\n",
       "<style scoped>\n",
       "    .dataframe tbody tr th:only-of-type {\n",
       "        vertical-align: middle;\n",
       "    }\n",
       "\n",
       "    .dataframe tbody tr th {\n",
       "        vertical-align: top;\n",
       "    }\n",
       "\n",
       "    .dataframe thead th {\n",
       "        text-align: right;\n",
       "    }\n",
       "</style>\n",
       "<table border=\"1\" class=\"dataframe\">\n",
       "  <thead>\n",
       "    <tr style=\"text-align: right;\">\n",
       "      <th></th>\n",
       "      <th>srch_id</th>\n",
       "      <th>srch_booking_window</th>\n",
       "      <th>srch_adults_count</th>\n",
       "      <th>srch_children_count</th>\n",
       "      <th>srch_room_count</th>\n",
       "      <th>srch_saturday_night_bool</th>\n",
       "      <th>booking_bool</th>\n",
       "      <th>labels</th>\n",
       "    </tr>\n",
       "  </thead>\n",
       "  <tbody>\n",
       "    <tr>\n",
       "      <th>9</th>\n",
       "      <td>1</td>\n",
       "      <td>0</td>\n",
       "      <td>4</td>\n",
       "      <td>0</td>\n",
       "      <td>1</td>\n",
       "      <td>1</td>\n",
       "      <td>1</td>\n",
       "      <td>0</td>\n",
       "    </tr>\n",
       "    <tr>\n",
       "      <th>43</th>\n",
       "      <td>75</td>\n",
       "      <td>30</td>\n",
       "      <td>3</td>\n",
       "      <td>1</td>\n",
       "      <td>1</td>\n",
       "      <td>0</td>\n",
       "      <td>1</td>\n",
       "      <td>2</td>\n",
       "    </tr>\n",
       "    <tr>\n",
       "      <th>77</th>\n",
       "      <td>101</td>\n",
       "      <td>74</td>\n",
       "      <td>4</td>\n",
       "      <td>1</td>\n",
       "      <td>2</td>\n",
       "      <td>1</td>\n",
       "      <td>1</td>\n",
       "      <td>3</td>\n",
       "    </tr>\n",
       "    <tr>\n",
       "      <th>91</th>\n",
       "      <td>218</td>\n",
       "      <td>0</td>\n",
       "      <td>1</td>\n",
       "      <td>1</td>\n",
       "      <td>2</td>\n",
       "      <td>0</td>\n",
       "      <td>1</td>\n",
       "      <td>0</td>\n",
       "    </tr>\n",
       "    <tr>\n",
       "      <th>100</th>\n",
       "      <td>236</td>\n",
       "      <td>15</td>\n",
       "      <td>3</td>\n",
       "      <td>0</td>\n",
       "      <td>1</td>\n",
       "      <td>0</td>\n",
       "      <td>1</td>\n",
       "      <td>0</td>\n",
       "    </tr>\n",
       "  </tbody>\n",
       "</table>\n",
       "</div>"
      ],
      "text/plain": [
       "     srch_id  srch_booking_window  srch_adults_count  srch_children_count  \\\n",
       "9          1                    0                  4                    0   \n",
       "43        75                   30                  3                    1   \n",
       "77       101                   74                  4                    1   \n",
       "91       218                    0                  1                    1   \n",
       "100      236                   15                  3                    0   \n",
       "\n",
       "     srch_room_count  srch_saturday_night_bool  booking_bool  labels  \n",
       "9                  1                         1             1       0  \n",
       "43                 1                         0             1       2  \n",
       "77                 2                         1             1       3  \n",
       "91                 2                         0             1       0  \n",
       "100                1                         0             1       0  "
      ]
     },
     "execution_count": 19,
     "metadata": {},
     "output_type": "execute_result"
    }
   ],
   "source": [
    "df2.head()"
   ]
  },
  {
   "cell_type": "code",
   "execution_count": 20,
   "metadata": {},
   "outputs": [],
   "source": [
    "label_0 = []\n",
    "label_1 = []\n",
    "label_2 = []\n",
    "for i in range(df1.shape[0]):\n",
    "    if df1.iloc[i,-1] == 0.0:\n",
    "        label_0.append(df1.iloc[i,0])\n",
    "    elif df1.iloc[i,-1] == 1.0:\n",
    "        label_1.append(df1.iloc[i,0])\n",
    "    elif df1.iloc[i,-1] == 2.0:\n",
    "        label_2.append(df1.iloc[i,0])"
   ]
  },
  {
   "cell_type": "code",
   "execution_count": 23,
   "metadata": {},
   "outputs": [],
   "source": [
    "label0 = []\n",
    "label1 = []\n",
    "label2 = []\n",
    "label3 = []\n",
    "for i in range(df2.shape[0]):\n",
    "    if df2.iloc[i,-1] == 0.0:\n",
    "        label0.append(df2.iloc[i,0])\n",
    "    elif df2.iloc[i,-1] == 1.0:\n",
    "        label1.append(df2.iloc[i,0])\n",
    "    elif df2.iloc[i,-1] == 2.0:\n",
    "        label2.append(df2.iloc[i,0])\n",
    "    elif df2.iloc[i,-1] == 3.0:\n",
    "        label3.append(df2.iloc[i,0])"
   ]
  },
  {
   "cell_type": "code",
   "execution_count": 22,
   "metadata": {},
   "outputs": [],
   "source": [
    "data_3cluster = pd.read_csv('data.csv')\n",
    "\n",
    "# search_id = df1['srch_id'].unique().tolist()\n",
    "# for i in search_id:\n",
    "#     if data.iloc[]\n",
    "data_3cluster['label'] = 0\n",
    "for i in range (data_3cluster.shape[0]):\n",
    "    if data_3cluster.iloc[i,0] in label_0:\n",
    "        data_3cluster.iloc[i, -1] = 0\n",
    "    elif data_3cluster.iloc[i,0] in label_1:\n",
    "        data_3cluster.iloc[i, -1] = 1\n",
    "    elif data_3cluster.iloc[i,0] in label_2:\n",
    "        data_3cluster.iloc[i, -1] = 2\n"
   ]
  },
  {
   "cell_type": "code",
   "execution_count": 32,
   "metadata": {},
   "outputs": [],
   "source": [
    "data_4cluster = pd.read_csv('kmeans_data.csv')"
   ]
  },
  {
   "cell_type": "code",
   "execution_count": 29,
   "metadata": {},
   "outputs": [],
   "source": [
    "df_3_one = data_3cluster[data_3cluster['label'] == 0]\n",
    "df_3_two = data_3cluster[data_3cluster['label'] == 1]\n",
    "df_3_three = data_3cluster[data_3cluster['label'] == 2]"
   ]
  },
  {
   "cell_type": "code",
   "execution_count": 33,
   "metadata": {},
   "outputs": [],
   "source": [
    "df_4_one = data_4cluster[data_4cluster['labels'] == 0]\n",
    "df_4_two = data_4cluster[data_4cluster['labels'] == 1]\n",
    "df_4_three = data_4cluster[data_4cluster['labels'] == 2]\n",
    "df_4_four = data_4cluster[data_4cluster['labels'] == 3]"
   ]
  },
  {
   "cell_type": "code",
   "execution_count": 36,
   "metadata": {},
   "outputs": [],
   "source": [
    "mean_3_one = []\n",
    "std_3_one = []\n",
    "for i in range(1,9):\n",
    "    mean = np.mean(df_3_one.iloc[:,i])\n",
    "    mean_3_one.append(mean)\n",
    "    std = np.std(df_3_one.iloc[:,i])\n",
    "    std_3_one.append(std)\n",
    "mean_3_two = []\n",
    "std_3_two = []\n",
    "for i in range(1,9):\n",
    "    mean = np.mean(df_3_two.iloc[:,i])\n",
    "    mean_3_two.append(mean)\n",
    "    std = np.std(df_3_two.iloc[:,i])\n",
    "    std_3_two.append(std)\n",
    "mean_3_three = []\n",
    "std_3_three = []\n",
    "for i in range(1,9):\n",
    "    mean = np.mean(df_3_three.iloc[:,i])\n",
    "    mean_3_three.append(mean)\n",
    "    std = np.std(df_3_three.iloc[:,i])\n",
    "    std_3_three.append(std)\n"
   ]
  },
  {
   "cell_type": "code",
   "execution_count": 37,
   "metadata": {},
   "outputs": [],
   "source": [
    "mean_4_one = []\n",
    "std_4_one = []\n",
    "for i in range(1,9):\n",
    "    mean = np.mean(df_3_one.iloc[:,i])\n",
    "    mean_4_one.append(mean)\n",
    "    std = np.std(df_3_one.iloc[:,i])\n",
    "    std_4_one.append(std)\n",
    "mean_4_two = []\n",
    "std_4_two = []\n",
    "for i in range(1,9):\n",
    "    mean = np.mean(df_3_two.iloc[:,i])\n",
    "    mean_4_two.append(mean)\n",
    "    std = np.std(df_3_two.iloc[:,i])\n",
    "    std_4_two.append(std)\n",
    "mean_4_three = []\n",
    "std_4_three = []\n",
    "for i in range(1,9):\n",
    "    mean = np.mean(df_3_three.iloc[:,i])\n",
    "    mean_4_three.append(mean)\n",
    "    std = np.std(df_3_three.iloc[:,i])\n",
    "    std_4_three.append(std)\n",
    "mean_4_four = []\n",
    "std_4_four = []\n",
    "for i in range(1,9):\n",
    "    mean = np.mean(df_3_three.iloc[:,i])\n",
    "    mean_4_four.append(mean)\n",
    "    std = np.std(df_3_three.iloc[:,i])\n",
    "    std_4_four.append(std)\n"
   ]
  },
  {
   "cell_type": "code",
   "execution_count": 117,
   "metadata": {},
   "outputs": [
    {
     "name": "stderr",
     "output_type": "stream",
     "text": [
      "/Users/aaronyan/anaconda3/lib/python3.7/site-packages/pandas/core/indexing.py:543: SettingWithCopyWarning: \n",
      "A value is trying to be set on a copy of a slice from a DataFrame.\n",
      "Try using .loc[row_indexer,col_indexer] = value instead\n",
      "\n",
      "See the caveats in the documentation: http://pandas.pydata.org/pandas-docs/stable/indexing.html#indexing-view-versus-copy\n",
      "  self.obj[item] = s\n",
      "/Users/aaronyan/anaconda3/lib/python3.7/site-packages/pandas/core/indexing.py:543: SettingWithCopyWarning: \n",
      "A value is trying to be set on a copy of a slice from a DataFrame.\n",
      "Try using .loc[row_indexer,col_indexer] = value instead\n",
      "\n",
      "See the caveats in the documentation: http://pandas.pydata.org/pandas-docs/stable/indexing.html#indexing-view-versus-copy\n",
      "  self.obj[item] = s\n",
      "/Users/aaronyan/anaconda3/lib/python3.7/site-packages/pandas/core/indexing.py:543: SettingWithCopyWarning: \n",
      "A value is trying to be set on a copy of a slice from a DataFrame.\n",
      "Try using .loc[row_indexer,col_indexer] = value instead\n",
      "\n",
      "See the caveats in the documentation: http://pandas.pydata.org/pandas-docs/stable/indexing.html#indexing-view-versus-copy\n",
      "  self.obj[item] = s\n"
     ]
    }
   ],
   "source": [
    "res_one = get_Beta(df_3_one,mean_3_one,std_3_one)\n",
    "res_two = get_Beta(df_3_two,mean_3_two,std_3_two)\n",
    "res_three = get_Beta(df_3_three,mean_3_three,std_3_three)"
   ]
  },
  {
   "cell_type": "code",
   "execution_count": 118,
   "metadata": {},
   "outputs": [
    {
     "data": {
      "text/plain": [
       "      fun: 16229.354198152256\n",
       " hess_inv: array([[ 2.02668753e-04,  2.86324006e-05, -7.12824220e-05,\n",
       "        -5.92436894e-05, -6.12220825e-05, -3.02275505e-05,\n",
       "        -9.46361659e-05,  1.33514447e-04,  8.01000211e-05],\n",
       "       [ 2.86324006e-05,  1.66961007e-04, -7.87849689e-05,\n",
       "        -8.17313015e-06,  4.01727279e-05, -2.71781084e-05,\n",
       "        -1.03893385e-04,  1.42625283e-06, -2.31733114e-05],\n",
       "       [-7.12824220e-05, -7.87849689e-05,  2.71886382e-04,\n",
       "        -1.41743403e-05, -2.08183014e-04,  3.58955616e-05,\n",
       "         2.49469755e-04, -3.48378840e-05, -6.38881845e-05],\n",
       "       [-5.92436894e-05, -8.17313015e-06, -1.41743403e-05,\n",
       "         2.54258762e-04, -6.22637876e-06,  4.24407920e-06,\n",
       "         9.43505970e-05, -1.82953258e-04, -9.65790898e-06],\n",
       "       [-6.12220825e-05,  4.01727279e-05, -2.08183014e-04,\n",
       "        -6.22637876e-06,  2.90971473e-04, -2.78008507e-05,\n",
       "        -2.02579909e-04, -1.89406806e-05, -7.62554695e-08],\n",
       "       [-3.02275505e-05, -2.71781084e-05,  3.58955616e-05,\n",
       "         4.24407920e-06, -2.78008507e-05,  7.76563115e-05,\n",
       "         1.57280744e-05, -8.28456149e-05, -1.75699559e-05],\n",
       "       [-9.46361659e-05, -1.03893385e-04,  2.49469755e-04,\n",
       "         9.43505970e-05, -2.02579909e-04,  1.57280744e-05,\n",
       "         3.54060408e-04, -8.24061607e-05, -7.62060548e-05],\n",
       "       [ 1.33514447e-04,  1.42625283e-06, -3.48378840e-05,\n",
       "        -1.82953258e-04, -1.89406806e-05, -8.28456149e-05,\n",
       "        -8.24061607e-05,  2.75980378e-04,  5.93568206e-05],\n",
       "       [ 8.01000211e-05, -2.31733114e-05, -6.38881845e-05,\n",
       "        -9.65790898e-06, -7.62554695e-08, -1.75699559e-05,\n",
       "        -7.62060548e-05,  5.93568206e-05,  7.98205964e-05]])\n",
       "      jac: array([-0.00073242,  0.00012207,  0.00476074,  0.0032959 ,  0.00390625,\n",
       "        0.00976562,  0.00415039,  0.00537109,  0.00720215])\n",
       "  message: 'Desired error not necessarily achieved due to precision loss.'\n",
       "     nfev: 1154\n",
       "      nit: 33\n",
       "     njev: 104\n",
       "   status: 2\n",
       "  success: False\n",
       "        x: array([-2.08215274,  0.42792156,  0.12208375,  0.11702509,  0.00999331,\n",
       "        0.04675314, -0.06323514, -0.99569225,  0.1493836 ])"
      ]
     },
     "execution_count": 118,
     "metadata": {},
     "output_type": "execute_result"
    }
   ],
   "source": [
    "res_one"
   ]
  },
  {
   "cell_type": "code",
   "execution_count": 119,
   "metadata": {},
   "outputs": [
    {
     "data": {
      "text/plain": [
       "      fun: 2621.703410283225\n",
       " hess_inv: array([[ 2.83578660e-03,  5.69998840e-04, -1.27996789e-03,\n",
       "        -1.54894236e-04, -5.39562800e-04,  1.21208277e-04,\n",
       "         1.09471286e-03, -1.40513116e-03,  2.01713617e-04],\n",
       "       [ 5.69998840e-04,  7.93590884e-04, -8.24868698e-04,\n",
       "         1.92750090e-04,  7.49015496e-05, -9.71954109e-05,\n",
       "        -2.28183955e-04, -2.51611860e-04, -2.74411076e-04],\n",
       "       [-1.27996789e-03, -8.24868698e-04,  1.94623315e-03,\n",
       "         4.72610628e-05, -4.85738831e-04, -1.01660361e-04,\n",
       "        -2.58420826e-05,  4.82318151e-04,  3.71459763e-04],\n",
       "       [-1.54894236e-04,  1.92750090e-04,  4.72610628e-05,\n",
       "         5.36976304e-04,  8.07284784e-05, -1.47599689e-04,\n",
       "        -1.17390921e-03,  1.22657826e-04, -7.81053414e-05],\n",
       "       [-5.39562800e-04,  7.49015496e-05, -4.85738831e-04,\n",
       "         8.07284784e-05,  6.27039120e-04,  3.18590314e-05,\n",
       "        -6.53174550e-04,  4.06111756e-04, -3.42939304e-04],\n",
       "       [ 1.21208277e-04, -9.71954109e-05, -1.01660361e-04,\n",
       "        -1.47599689e-04,  3.18590314e-05,  7.85878077e-05,\n",
       "         2.07929804e-04, -2.60030679e-05,  3.08147587e-05],\n",
       "       [ 1.09471286e-03, -2.28183955e-04, -2.58420826e-05,\n",
       "        -1.17390921e-03, -6.53174550e-04,  2.07929804e-04,\n",
       "         3.46299731e-03, -8.84197465e-04,  2.82117354e-04],\n",
       "       [-1.40513116e-03, -2.51611860e-04,  4.82318151e-04,\n",
       "         1.22657826e-04,  4.06111756e-04, -2.60030679e-05,\n",
       "        -8.84197465e-04,  7.93953053e-04, -1.58096306e-04],\n",
       "       [ 2.01713617e-04, -2.74411076e-04,  3.71459763e-04,\n",
       "        -7.81053414e-05, -3.42939304e-04,  3.08147587e-05,\n",
       "         2.82117354e-04, -1.58096306e-04,  3.21657495e-04]])\n",
       "      jac: array([0.00045776, 0.00054932, 0.00027466, 0.00048828, 0.00073242,\n",
       "       0.00033569, 0.00018311, 0.00042725, 0.00042725])\n",
       "  message: 'Desired error not necessarily achieved due to precision loss.'\n",
       "     nfev: 760\n",
       "      nit: 35\n",
       "     njev: 69\n",
       "   status: 2\n",
       "  success: False\n",
       "        x: array([ 2.02049388,  0.58806615,  0.12565736,  0.11863238,  0.32397264,\n",
       "        0.0330871 ,  0.2062005 , -1.05314573,  0.18988912])"
      ]
     },
     "execution_count": 119,
     "metadata": {},
     "output_type": "execute_result"
    }
   ],
   "source": [
    "res_two"
   ]
  },
  {
   "cell_type": "code",
   "execution_count": 120,
   "metadata": {
    "scrolled": true
   },
   "outputs": [
    {
     "data": {
      "text/plain": [
       "      fun: 1105.7512765205931\n",
       " hess_inv: array([[ 2.47537127e-02,  3.69093869e-03, -1.07800709e-03,\n",
       "         1.02641255e-03,  3.41269434e-03, -3.53152345e-03,\n",
       "        -4.16136865e-03, -1.09692788e-02,  2.13962974e-03],\n",
       "       [ 3.69093869e-03,  1.92715300e-03, -6.06078006e-04,\n",
       "        -1.13410482e-03, -4.10486173e-05, -1.24491056e-03,\n",
       "        -1.17052586e-03, -6.84869351e-04,  1.05452514e-03],\n",
       "       [-1.07800709e-03, -6.06078006e-04,  2.05659447e-03,\n",
       "        -5.18710058e-04,  9.93016541e-04, -3.10115202e-04,\n",
       "        -4.67165861e-04, -3.49769241e-05,  5.59772340e-05],\n",
       "       [ 1.02641255e-03, -1.13410482e-03, -5.18710058e-04,\n",
       "         4.02014428e-03, -3.82790737e-04,  1.10455462e-03,\n",
       "         1.67506610e-03, -1.91013278e-03, -1.98602174e-03],\n",
       "       [ 3.41269434e-03, -4.10486173e-05,  9.93016541e-04,\n",
       "        -3.82790737e-04,  2.09849247e-03, -8.33680369e-04,\n",
       "        -1.12582860e-03, -2.12248593e-03,  9.19523879e-04],\n",
       "       [-3.53152345e-03, -1.24491056e-03, -3.10115202e-04,\n",
       "         1.10455462e-03, -8.33680369e-04,  1.30077620e-03,\n",
       "         1.24938126e-03,  1.19620186e-03, -1.07465032e-03],\n",
       "       [-4.16136865e-03, -1.17052586e-03, -4.67165861e-04,\n",
       "         1.67506610e-03, -1.12582860e-03,  1.24938126e-03,\n",
       "         1.84309389e-03,  1.21603437e-03, -1.38418653e-03],\n",
       "       [-1.09692788e-02, -6.84869351e-04, -3.49769241e-05,\n",
       "        -1.91013278e-03, -2.12248593e-03,  1.19620186e-03,\n",
       "         1.21603437e-03,  5.94105767e-03, -2.91561688e-04],\n",
       "       [ 2.13962974e-03,  1.05452514e-03,  5.59772340e-05,\n",
       "        -1.98602174e-03,  9.19523879e-04, -1.07465032e-03,\n",
       "        -1.38418653e-03, -2.91561688e-04,  1.50810173e-03]])\n",
       "      jac: array([ 1.52587891e-05,  9.15527344e-05,  4.57763672e-05, -6.10351562e-05,\n",
       "        6.10351562e-05,  7.62939453e-05,  7.62939453e-05,  1.52587891e-05,\n",
       "       -1.52587891e-05])\n",
       "  message: 'Desired error not necessarily achieved due to precision loss.'\n",
       "     nfev: 485\n",
       "      nit: 29\n",
       "     njev: 44\n",
       "   status: 2\n",
       "  success: False\n",
       "        x: array([ 1.83949155,  0.28127776,  0.10843109,  0.01705466,  0.16360347,\n",
       "        0.01680751, -0.24775001, -0.36514211,  0.19182447])"
      ]
     },
     "execution_count": 120,
     "metadata": {},
     "output_type": "execute_result"
    }
   ],
   "source": [
    "res_three"
   ]
  },
  {
   "cell_type": "code",
   "execution_count": 45,
   "metadata": {},
   "outputs": [
    {
     "name": "stderr",
     "output_type": "stream",
     "text": [
      "/Users/aaronyan/anaconda3/lib/python3.7/site-packages/pandas/core/indexing.py:543: SettingWithCopyWarning: \n",
      "A value is trying to be set on a copy of a slice from a DataFrame.\n",
      "Try using .loc[row_indexer,col_indexer] = value instead\n",
      "\n",
      "See the caveats in the documentation: http://pandas.pydata.org/pandas-docs/stable/indexing.html#indexing-view-versus-copy\n",
      "  self.obj[item] = s\n",
      "/Users/aaronyan/anaconda3/lib/python3.7/site-packages/pandas/core/indexing.py:543: SettingWithCopyWarning: \n",
      "A value is trying to be set on a copy of a slice from a DataFrame.\n",
      "Try using .loc[row_indexer,col_indexer] = value instead\n",
      "\n",
